# PSIPRED VFORMAT (PSIPRED V2.6 by David Jones)

   1 M C  0.995 0.003 0.001
   2 G C  0.979 0.005 0.016
   3 L C  0.958 0.018 0.024
   4 S C  0.935 0.052 0.013
   5 T C  0.815 0.104 0.081
   6 V C  0.785 0.181 0.034
   7 P C  0.677 0.321 0.002
   8 D C  0.588 0.409 0.004
   9 L H  0.435 0.563 0.002
  10 L H  0.159 0.841 0.000
  11 L H  0.018 0.982 0.000
  12 P H  0.011 0.989 0.000
  13 L H  0.004 0.996 0.000
  14 V H  0.003 0.997 0.000
  15 L H  0.002 0.998 0.000
  16 L H  0.001 0.999 0.000
  17 E H  0.001 0.999 0.000
  18 L H  0.002 0.998 0.000
  19 L H  0.007 0.993 0.000
  20 V H  0.059 0.941 0.000
  21 G H  0.327 0.672 0.001
  22 I C  0.545 0.446 0.008
  23 Y C  0.980 0.008 0.012
  24 P C  0.920 0.069 0.010
  25 S C  0.751 0.197 0.051
  26 G C  0.632 0.210 0.158
  27 V C  0.536 0.247 0.217
  28 I C  0.537 0.211 0.253
  29 G C  0.624 0.144 0.232
  30 L C  0.606 0.090 0.304
  31 V C  0.754 0.012 0.234
  32 P C  0.915 0.013 0.072
  33 H C  0.864 0.051 0.085
  34 L C  0.854 0.103 0.043
  35 G C  0.871 0.090 0.039
  36 D C  0.816 0.113 0.071
  37 R C  0.765 0.140 0.095
  38 E C  0.676 0.151 0.173
  39 K C  0.687 0.158 0.155
  40 R C  0.648 0.236 0.115
  41 D C  0.595 0.294 0.111
  42 S C  0.645 0.250 0.105
  43 V C  0.692 0.191 0.117
  44 C C  0.943 0.003 0.053
  45 P C  0.970 0.015 0.015
  46 Q C  0.961 0.014 0.025
  47 G C  0.934 0.010 0.056
  48 K C  0.724 0.010 0.266
  49 Y E  0.467 0.015 0.519
  50 I E  0.460 0.011 0.529
  51 H C  0.731 0.014 0.255
  52 P C  0.823 0.112 0.065
  53 Q C  0.802 0.128 0.070
  54 N C  0.860 0.094 0.046
  55 N C  0.893 0.063 0.045
  56 S C  0.821 0.037 0.142
  57 I E  0.348 0.033 0.619
  58 C E  0.353 0.019 0.628
  59 C E  0.422 0.031 0.547
  60 T C  0.515 0.051 0.434
  61 K C  0.582 0.047 0.371
  62 C C  0.875 0.010 0.115
  63 H C  0.873 0.032 0.095
  64 K C  0.915 0.040 0.045
  65 G C  0.895 0.024 0.082
  66 T C  0.576 0.022 0.402
  67 Y E  0.153 0.005 0.842
  68 L E  0.163 0.015 0.822
  69 Y E  0.271 0.039 0.690
  70 N E  0.393 0.033 0.574
  71 D C  0.535 0.020 0.444
  72 C C  0.896 0.002 0.101
  73 P C  0.938 0.002 0.061
  74 G C  0.931 0.002 0.067
  75 P C  0.952 0.028 0.020
  76 G C  0.950 0.033 0.017
  77 Q C  0.885 0.028 0.087
  78 D C  0.877 0.019 0.104
  79 T C  0.793 0.026 0.181
  80 D E  0.458 0.035 0.508
  81 C E  0.381 0.018 0.601
  82 R E  0.311 0.014 0.675
  83 E E  0.420 0.014 0.566
  84 C C  0.865 0.010 0.125
  85 E C  0.916 0.016 0.068
  86 S C  0.940 0.026 0.034
  87 G C  0.936 0.017 0.047
  88 S C  0.685 0.022 0.293
  89 F E  0.155 0.006 0.839
  90 T E  0.200 0.013 0.787
  91 A E  0.356 0.114 0.531
  92 S E  0.397 0.115 0.487
  93 E C  0.503 0.205 0.292
  94 N C  0.697 0.111 0.192
  95 H C  0.681 0.078 0.241
  96 L C  0.641 0.076 0.283
  97 R C  0.679 0.076 0.245
  98 H E  0.439 0.058 0.503
  99 C E  0.396 0.030 0.574
 100 L E  0.355 0.027 0.618
 101 S E  0.418 0.026 0.556
 102 C C  0.560 0.105 0.334
 103 S C  0.558 0.117 0.325
 104 K C  0.490 0.091 0.419
 105 C C  0.651 0.067 0.282
 106 R C  0.719 0.075 0.207
 107 K C  0.824 0.088 0.088
 108 E C  0.880 0.079 0.041
 109 M C  0.949 0.033 0.017
 110 G C  0.870 0.014 0.116
 111 Q E  0.316 0.016 0.668
 112 V E  0.081 0.001 0.917
 113 E E  0.047 0.001 0.951
 114 I E  0.065 0.001 0.934
 115 S E  0.143 0.002 0.855
 116 S E  0.313 0.003 0.684
 117 C E  0.432 0.005 0.564
 118 T C  0.684 0.006 0.310
 119 V C  0.955 0.008 0.037
 120 D C  0.967 0.004 0.029
 121 R C  0.820 0.011 0.168
 122 D C  0.861 0.007 0.132
 123 T E  0.414 0.026 0.560
 124 V E  0.424 0.058 0.517
 125 C C  0.703 0.065 0.232
 126 G C  0.737 0.055 0.208
 127 C C  0.787 0.041 0.173
 128 R C  0.744 0.068 0.188
 129 K C  0.757 0.103 0.140
 130 N C  0.814 0.075 0.112
 131 Q E  0.390 0.019 0.591
 132 Y E  0.112 0.003 0.886
 133 R E  0.089 0.002 0.910
 134 H E  0.180 0.002 0.817
 135 Y C  0.537 0.016 0.446
 136 W C  0.870 0.009 0.121
 137 S C  0.893 0.016 0.091
 138 E C  0.879 0.089 0.032
 139 N C  0.848 0.093 0.059
 140 L C  0.539 0.143 0.319
 141 F E  0.255 0.064 0.680
 142 Q E  0.192 0.032 0.775
 143 C E  0.323 0.052 0.625
 144 F E  0.425 0.103 0.471
 145 N C  0.621 0.103 0.276
 146 C C  0.701 0.065 0.235
 147 S C  0.615 0.048 0.336
 148 L C  0.589 0.037 0.373
 149 C C  0.873 0.014 0.113
 150 L C  0.912 0.037 0.051
 151 N C  0.963 0.023 0.014
 152 G C  0.877 0.009 0.114
 153 T E  0.336 0.005 0.659
 154 V E  0.075 0.000 0.924
 155 H E  0.076 0.001 0.923
 156 L E  0.158 0.002 0.840
 157 S E  0.427 0.005 0.569
 158 C C  0.842 0.007 0.151
 159 Q C  0.896 0.009 0.096
 160 E C  0.950 0.028 0.022
 161 K C  0.947 0.017 0.036
 162 Q C  0.876 0.008 0.116
 163 N C  0.862 0.009 0.129
 164 T C  0.592 0.049 0.359
 165 V E  0.386 0.055 0.559
 166 C C  0.545 0.057 0.398
 167 T C  0.597 0.078 0.325
 168 C C  0.813 0.031 0.156
 169 H C  0.782 0.053 0.165
 170 A C  0.886 0.057 0.056
 171 G C  0.864 0.046 0.089
 172 F C  0.576 0.051 0.373
 173 F E  0.331 0.021 0.648
 174 L C  0.713 0.027 0.261
 175 R C  0.874 0.077 0.049
 176 E C  0.891 0.076 0.033
 177 N C  0.900 0.054 0.046
 178 E E  0.479 0.019 0.503
 179 C E  0.235 0.003 0.762
 180 V E  0.204 0.005 0.791
 181 S E  0.331 0.008 0.661
 182 C H  0.442 0.473 0.084
 183 S H  0.452 0.509 0.038
 184 N C  0.518 0.443 0.039
 185 C C  0.951 0.021 0.029
 186 K C  0.862 0.088 0.050
 187 K C  0.833 0.133 0.034
 188 S C  0.790 0.191 0.019
 189 L C  0.514 0.394 0.092
 190 E H  0.370 0.434 0.197
 191 C H  0.315 0.448 0.237
 192 T H  0.297 0.412 0.292
 193 K H  0.334 0.384 0.282
 194 L C  0.505 0.248 0.247
 195 C C  0.860 0.025 0.115
 196 L C  0.908 0.026 0.065
 197 P C  0.872 0.105 0.023
 198 Q C  0.780 0.133 0.087
 199 I C  0.786 0.126 0.088
 200 E C  0.843 0.095 0.062
 201 N C  0.838 0.090 0.072
 202 V C  0.808 0.127 0.064
 203 K C  0.842 0.102 0.056
 204 G C  0.883 0.082 0.035
 205 T C  0.832 0.136 0.033
 206 E C  0.835 0.145 0.020
 207 D C  0.804 0.176 0.020
 208 S H  0.463 0.536 0.001
 209 G H  0.387 0.612 0.001
 210 T H  0.331 0.666 0.003
 211 T H  0.268 0.727 0.005
 212 V H  0.203 0.787 0.010
 213 L H  0.092 0.905 0.003
 214 L H  0.017 0.983 0.000
 215 P H  0.008 0.992 0.000
 216 L H  0.003 0.997 0.000
 217 V H  0.003 0.997 0.000
 218 I H  0.002 0.998 0.000
 219 F H  0.004 0.996 0.000
 220 F H  0.007 0.993 0.000
 221 G H  0.005 0.995 0.000
 222 L H  0.003 0.997 0.000
 223 C H  0.003 0.997 0.000
 224 L H  0.002 0.998 0.000
 225 L H  0.002 0.998 0.000
 226 S H  0.002 0.998 0.000
 227 L H  0.002 0.998 0.000
 228 L H  0.002 0.998 0.000
 229 F H  0.002 0.998 0.000
 230 I H  0.003 0.997 0.000
 231 G H  0.005 0.995 0.000
 232 L H  0.005 0.995 0.000
 233 M H  0.007 0.993 0.000
 234 Y H  0.021 0.979 0.000
 235 R H  0.056 0.944 0.000
 236 Y H  0.222 0.778 0.000
 237 Q H  0.454 0.543 0.002
 238 R C  0.602 0.393 0.005
 239 W C  0.639 0.350 0.010
 240 K C  0.581 0.410 0.010
 241 S C  0.503 0.475 0.023
 242 K H  0.422 0.478 0.100
 243 L H  0.321 0.418 0.261
 244 Y H  0.266 0.390 0.344
 245 S H  0.276 0.367 0.357
 246 I H  0.317 0.364 0.319
 247 V C  0.512 0.280 0.208
 248 C C  0.782 0.159 0.059
 249 G C  0.915 0.049 0.036
 250 K C  0.912 0.028 0.059
 251 S C  0.913 0.010 0.077
 252 T C  0.941 0.005 0.054
 253 P C  0.890 0.092 0.018
 254 E C  0.738 0.172 0.090
 255 K C  0.684 0.208 0.108
 256 E C  0.681 0.216 0.103
 257 G C  0.752 0.150 0.098
 258 E C  0.726 0.162 0.112
 259 L C  0.772 0.128 0.100
 260 E C  0.847 0.082 0.071
 261 G C  0.901 0.056 0.042
 262 T C  0.835 0.087 0.079
 263 T C  0.831 0.068 0.101
 264 T C  0.835 0.042 0.124
 265 K C  0.904 0.011 0.085
 266 P C  0.925 0.019 0.055
 267 L C  0.890 0.019 0.091
 268 A C  0.957 0.002 0.041
 269 P C  0.972 0.004 0.024
 270 N C  0.956 0.004 0.040
 271 P C  0.949 0.028 0.023
 272 S C  0.920 0.021 0.059
 273 F C  0.859 0.016 0.125
 274 S C  0.924 0.001 0.075
 275 P C  0.974 0.002 0.024
 276 T C  0.958 0.003 0.039
 277 P C  0.948 0.032 0.021
 278 G C  0.926 0.023 0.051
 279 F C  0.876 0.019 0.105
 280 T C  0.910 0.004 0.086
 281 P C  0.938 0.018 0.044
 282 T C  0.883 0.017 0.100
 283 L C  0.910 0.021 0.069
 284 G C  0.926 0.015 0.059
 285 F C  0.881 0.014 0.105
 286 S C  0.918 0.002 0.080
 287 P C  0.967 0.001 0.031
 288 V C  0.918 0.003 0.079
 289 P C  0.943 0.023 0.034
 290 S C  0.895 0.041 0.063
 291 S C  0.871 0.066 0.062
 292 T C  0.859 0.043 0.098
 293 F C  0.856 0.024 0.120
 294 T C  0.893 0.009 0.098
 295 S C  0.904 0.053 0.043
 296 S C  0.864 0.061 0.075
 297 S C  0.867 0.052 0.082
 298 T C  0.843 0.029 0.129
 299 Y C  0.843 0.014 0.143
 300 T C  0.950 0.002 0.047
 301 P C  0.841 0.150 0.010
 302 G C  0.804 0.176 0.021
 303 D C  0.803 0.163 0.034
 304 C C  0.788 0.173 0.039
 305 P C  0.697 0.265 0.038
 306 N C  0.703 0.248 0.050
 307 F C  0.750 0.188 0.062
 308 A C  0.846 0.095 0.059
 309 A C  0.897 0.071 0.032
 310 P C  0.729 0.255 0.015
 311 R C  0.562 0.389 0.048
 312 R C  0.504 0.408 0.088
 313 E C  0.511 0.334 0.155
 314 V C  0.585 0.207 0.208
 315 A C  0.939 0.002 0.058
 316 P C  0.989 0.002 0.009
 317 P C  0.942 0.050 0.009
 318 Y C  0.876 0.101 0.023
 319 Q C  0.858 0.100 0.043
 320 G C  0.899 0.051 0.050
 321 A C  0.903 0.050 0.047
 322 D C  0.922 0.058 0.020
 323 P C  0.515 0.480 0.005
 324 I H  0.425 0.543 0.032
 325 L H  0.373 0.579 0.048
 326 A H  0.420 0.535 0.045
 327 T H  0.459 0.469 0.072
 328 A C  0.582 0.349 0.069
 329 L C  0.646 0.282 0.071
 330 A C  0.754 0.187 0.059
 331 S C  0.869 0.059 0.073
 332 D C  0.947 0.003 0.051
 333 P C  0.962 0.002 0.036
 334 I C  0.948 0.001 0.051
 335 P C  0.977 0.002 0.021
 336 N C  0.971 0.003 0.026
 337 P C  0.857 0.131 0.012
 338 L C  0.783 0.172 0.045
 339 Q C  0.761 0.137 0.102
 340 K C  0.829 0.045 0.126
 341 W C  0.875 0.063 0.063
 342 E C  0.781 0.183 0.036
 343 D C  0.665 0.314 0.021
 344 S C  0.623 0.339 0.038
 345 A C  0.759 0.157 0.084
 346 H C  0.877 0.034 0.089
 347 K C  0.881 0.062 0.057
 348 P C  0.618 0.364 0.018
 349 Q C  0.577 0.385 0.038
 350 S C  0.616 0.338 0.046
 351 L C  0.793 0.136 0.071
 352 D C  0.943 0.005 0.052
 353 T C  0.972 0.017 0.011
 354 D C  0.977 0.019 0.004
 355 D C  0.960 0.034 0.007
 356 P C  0.544 0.446 0.010
 357 A H  0.388 0.553 0.059
 358 T H  0.252 0.499 0.249
 359 L H  0.156 0.520 0.325
 360 Y H  0.130 0.513 0.357
 361 A H  0.104 0.527 0.369
 362 V H  0.115 0.480 0.405
 363 V H  0.189 0.461 0.350
 364 E C  0.612 0.217 0.170
 365 N C  0.871 0.055 0.074
 366 V C  0.955 0.001 0.044
 367 P C  0.997 0.001 0.003
 368 P H  0.148 0.852 0.000
 369 L H  0.164 0.836 0.000
 370 R H  0.119 0.881 0.000
 371 W H  0.071 0.928 0.000
 372 K H  0.012 0.988 0.000
 373 E H  0.004 0.996 0.000
 374 F H  0.002 0.998 0.000
 375 V H  0.002 0.998 0.000
 376 R H  0.013 0.987 0.000
 377 R H  0.118 0.882 0.000
 378 L C  0.678 0.321 0.001
 379 G C  0.995 0.002 0.003
 380 L C  0.995 0.000 0.005
 381 S C  0.998 0.000 0.002
 382 D H  0.033 0.967 0.000
 383 H H  0.019 0.981 0.000
 384 E H  0.004 0.996 0.000
 385 I H  0.002 0.998 0.000
 386 D H  0.002 0.998 0.000
 387 R H  0.002 0.998 0.000
 388 L H  0.002 0.998 0.000
 389 E H  0.004 0.996 0.000
 390 L H  0.035 0.965 0.000
 391 Q H  0.204 0.796 0.000
 392 N C  0.914 0.084 0.002
 393 G C  0.796 0.198 0.006
 394 R C  0.781 0.214 0.005
 395 C C  0.733 0.260 0.008
 396 L H  0.250 0.749 0.001
 397 R H  0.060 0.940 0.000
 398 E H  0.030 0.970 0.000
 399 A H  0.013 0.987 0.000
 400 Q H  0.007 0.993 0.000
 401 Y H  0.006 0.994 0.000
 402 S H  0.009 0.991 0.000
 403 M H  0.002 0.998 0.000
 404 L H  0.001 0.999 0.000
 405 A H  0.001 0.999 0.000
 406 T H  0.003 0.997 0.000
 407 W H  0.008 0.992 0.000
 408 R H  0.067 0.933 0.000
 409 R H  0.294 0.706 0.000
 410 R C  0.635 0.365 0.000
 411 T C  0.995 0.003 0.002
 412 P C  0.979 0.020 0.001
 413 R H  0.299 0.701 0.000
 414 R H  0.265 0.734 0.001
 415 E H  0.248 0.750 0.002
 416 A H  0.461 0.496 0.043
 417 T C  0.557 0.033 0.410
 418 L H  0.008 0.992 0.000
 419 E H  0.001 0.999 0.000
 420 L H  0.001 0.999 0.000
 421 L H  0.001 0.999 0.000
 422 G H  0.001 0.999 0.000
 423 R H  0.001 0.999 0.000
 424 V H  0.001 0.999 0.000
 425 L H  0.001 0.999 0.000
 426 R H  0.008 0.992 0.000
 427 D H  0.054 0.946 0.000
 428 M C  0.506 0.494 0.000
 429 D C  0.822 0.170 0.008
 430 L C  0.907 0.087 0.007
 431 L C  0.945 0.047 0.008
 432 G C  0.910 0.085 0.005
 433 C H  0.143 0.856 0.000
 434 L H  0.015 0.985 0.000
 435 E H  0.006 0.994 0.000
 436 D H  0.005 0.995 0.000
 437 I H  0.004 0.996 0.000
 438 E H  0.003 0.997 0.000
 439 E H  0.006 0.994 0.000
 440 A H  0.021 0.979 0.000
 441 L H  0.158 0.842 0.000
 442 C C  0.556 0.442 0.002
 443 G C  0.973 0.021 0.006
 444 P C  0.747 0.247 0.007
 445 A C  0.811 0.184 0.005
 446 A C  0.772 0.180 0.048
 447 L C  0.898 0.018 0.083
 448 P C  0.951 0.002 0.048
 449 P C  0.960 0.005 0.035
 450 A C  0.974 0.006 0.020
 451 P C  0.921 0.073 0.006
 452 S C  0.863 0.115 0.022
 453 L C  0.832 0.129 0.039
 454 L C  0.937 0.036 0.027
 455 R C  0.995 0.002 0.003
