# PSIPRED VFORMAT (PSIPRED V2.6 by David Jones)

   1 M C   1.000 0.000 0.000 
   2 G C   0.993 0.004 0.003 
   3 L C   0.986 0.011 0.003 
   4 S C   0.969 0.030 0.001 
   5 T C   0.774 0.225 0.001 
   6 V H   0.346 0.651 0.003 
   7 P H   0.288 0.709 0.003 
   8 D H   0.303 0.696 0.001 
   9 L H   0.336 0.664 0.000 
  10 L H   0.122 0.876 0.001 
  11 L H   0.011 0.988 0.001 
  12 P H   0.006 0.993 0.000 
  13 L H   0.004 0.996 0.000 
  14 V H   0.004 0.996 0.000 
  15 L H   0.003 0.996 0.000 
  16 L H   0.005 0.995 0.000 
  17 E H   0.005 0.994 0.000 
  18 L H   0.009 0.990 0.001 
  19 L H   0.017 0.982 0.001 
  20 V H   0.084 0.914 0.001 
  21 G H   0.347 0.652 0.001 
  22 I H   0.405 0.590 0.005 
  23 Y C   0.741 0.249 0.010 
  24 P C   0.821 0.167 0.011 
  25 S C   0.890 0.097 0.013 
  26 G C   0.908 0.048 0.044 
  27 V C   0.804 0.038 0.157 
  28 I C   0.680 0.045 0.275 
  29 G C   0.643 0.025 0.332 
  30 L C   0.608 0.016 0.376 
  31 V C   0.667 0.007 0.325 
  32 P C   0.873 0.003 0.125 
  33 H C   0.959 0.004 0.037 
  34 L C   0.989 0.003 0.008 
  35 G C   0.991 0.004 0.005 
  36 D C   0.983 0.008 0.009 
  37 R C   0.969 0.018 0.013 
  38 E C   0.974 0.016 0.010 
  39 K C   0.967 0.017 0.015 
  40 R C   0.974 0.012 0.014 
  41 D C   0.981 0.006 0.012 
  42 S C   0.975 0.004 0.022 
  43 V C   0.949 0.005 0.046 
  44 C C   0.980 0.001 0.019 
  45 P C   0.986 0.004 0.010 
  46 Q C   0.995 0.003 0.002 
  47 G C   0.979 0.004 0.017 
  48 K C   0.692 0.001 0.307 
  49 Y E   0.392 0.001 0.607 
  50 I E   0.400 0.001 0.599 
  51 H C   0.834 0.000 0.166 
  52 P C   0.966 0.008 0.026 
  53 Q C   0.989 0.004 0.007 
  54 N C   0.990 0.005 0.005 
  55 N C   0.981 0.006 0.013 
  56 S C   0.861 0.017 0.122 
  57 I C   0.701 0.043 0.256 
  58 C C   0.700 0.064 0.236 
  59 C C   0.709 0.097 0.194 
  60 T C   0.748 0.092 0.160 
  61 K C   0.773 0.070 0.157 
  62 C C   0.869 0.017 0.114 
  63 H C   0.952 0.005 0.043 
  64 K C   0.988 0.003 0.009 
  65 G C   0.960 0.003 0.036 
  66 T C   0.611 0.006 0.383 
  67 Y E   0.441 0.013 0.547 
  68 L C   0.592 0.012 0.396 
  69 Y C   0.804 0.015 0.181 
  70 N C   0.917 0.022 0.060 
  71 D C   0.939 0.014 0.046 
  72 C C   0.983 0.002 0.015 
  73 P C   0.997 0.001 0.002 
  74 G C   0.998 0.000 0.002 
  75 P C   0.995 0.004 0.001 
  76 G C   0.997 0.002 0.001 
  77 Q C   0.993 0.004 0.004 
  78 D C   0.993 0.003 0.004 
  79 T C   0.984 0.003 0.013 
  80 D C   0.943 0.003 0.054 
  81 C C   0.917 0.003 0.080 
  82 R C   0.703 0.009 0.288 
  83 E C   0.625 0.010 0.365 
  84 C C   0.888 0.001 0.111 
  85 E C   0.928 0.010 0.063 
  86 S C   0.979 0.009 0.012 
  87 G C   0.970 0.003 0.026 
  88 S C   0.621 0.003 0.375 
  89 F E   0.270 0.004 0.726 
  90 T E   0.361 0.003 0.636 
  91 A C   0.612 0.009 0.379 
  92 S C   0.826 0.014 0.159 
  93 E C   0.872 0.067 0.061 
  94 N C   0.920 0.056 0.023 
  95 H C   0.881 0.077 0.041 
  96 L C   0.800 0.114 0.085 
  97 R C   0.749 0.132 0.119 
  98 H C   0.693 0.147 0.160 
  99 C C   0.696 0.123 0.181 
 100 L C   0.583 0.146 0.271 
 101 S C   0.601 0.133 0.267 
 102 C C   0.729 0.149 0.122 
 103 S C   0.709 0.179 0.112 
 104 K C   0.638 0.197 0.165 
 105 C C   0.702 0.151 0.147 
 106 R C   0.797 0.119 0.084 
 107 K C   0.867 0.115 0.018 
 108 E C   0.887 0.091 0.022 
 109 M C   0.945 0.045 0.010 
 110 G C   0.971 0.011 0.018 
 111 Q C   0.708 0.005 0.287 
 112 V E   0.289 0.005 0.706 
 113 E E   0.271 0.003 0.726 
 114 I E   0.462 0.001 0.537 
 115 S C   0.679 0.002 0.320 
 116 S C   0.877 0.003 0.121 
 117 C C   0.867 0.001 0.132 
 118 T C   0.791 0.004 0.205 
 119 V C   0.834 0.004 0.162 
 120 D C   0.886 0.004 0.110 
 121 R C   0.879 0.014 0.107 
 122 D C   0.945 0.002 0.053 
 123 T C   0.883 0.004 0.113 
 124 V C   0.792 0.010 0.199 
 125 C C   0.745 0.004 0.251 
 126 G C   0.707 0.002 0.292 
 127 C C   0.693 0.001 0.306 
 128 R C   0.843 0.000 0.156 
 129 K C   0.986 0.001 0.013 
 130 N C   0.979 0.001 0.021 
 131 Q E   0.428 0.002 0.570 
 132 Y E   0.210 0.001 0.789 
 133 R E   0.213 0.001 0.786 
 134 H E   0.297 0.003 0.700 
 135 Y C   0.627 0.007 0.366 
 136 W C   0.837 0.012 0.151 
 137 S C   0.913 0.010 0.077 
 138 E C   0.988 0.004 0.008 
 139 N C   0.987 0.002 0.011 
 140 L C   0.651 0.001 0.347 
 141 F E   0.331 0.001 0.668 
 142 Q E   0.297 0.001 0.702 
 143 C C   0.575 0.001 0.425 
 144 F C   0.940 0.004 0.057 
 145 N C   0.965 0.004 0.031 
 146 C C   0.921 0.013 0.066 
 147 S C   0.805 0.021 0.174 
 148 L C   0.612 0.021 0.368 
 149 C C   0.645 0.009 0.346 
 150 L C   0.727 0.011 0.261 
 151 N C   0.984 0.002 0.015 
 152 G C   0.980 0.002 0.018 
 153 T C   0.531 0.002 0.467 
 154 V E   0.381 0.001 0.618 
 155 H E   0.412 0.001 0.587 
 156 L C   0.562 0.001 0.438 
 157 S C   0.796 0.002 0.202 
 158 C C   0.949 0.001 0.051 
 159 Q C   0.966 0.001 0.033 
 160 E C   0.991 0.003 0.005 
 161 K C   0.981 0.003 0.016 
 162 Q C   0.919 0.006 0.076 
 163 N C   0.938 0.001 0.061 
 164 T C   0.864 0.001 0.136 
 165 V C   0.608 0.004 0.388 
 166 C C   0.587 0.001 0.413 
 167 T C   0.538 0.001 0.461 
 168 C C   0.593 0.001 0.406 
 169 H C   0.723 0.001 0.276 
 170 A C   0.978 0.001 0.021 
 171 G C   0.977 0.001 0.021 
 172 F C   0.547 0.002 0.451 
 173 F E   0.418 0.001 0.580 
 174 L C   0.542 0.000 0.458 
 175 R C   0.696 0.001 0.302 
 176 E C   0.986 0.003 0.011 
 177 N C   0.985 0.001 0.014 
 178 E C   0.529 0.003 0.468 
 179 C E   0.325 0.001 0.675 
 180 V E   0.264 0.000 0.735 
 181 S E   0.337 0.003 0.660 
 182 C C   0.923 0.061 0.016 
 183 S C   0.907 0.088 0.005 
 184 N C   0.879 0.113 0.008 
 185 C C   0.898 0.094 0.008 
 186 K C   0.828 0.161 0.011 
 187 K C   0.735 0.263 0.002 
 188 S C   0.637 0.360 0.003 
 189 L H   0.334 0.662 0.005 
 190 E H   0.239 0.751 0.010 
 191 C H   0.148 0.833 0.018 
 192 T H   0.137 0.840 0.024 
 193 K H   0.188 0.784 0.028 
 194 L H   0.261 0.703 0.036 
 195 C C   0.759 0.187 0.054 
 196 L C   0.902 0.052 0.046 
 197 P C   0.947 0.021 0.032 
 198 Q C   0.941 0.017 0.041 
 199 I C   0.949 0.011 0.039 
 200 E C   0.960 0.011 0.029 
 201 N C   0.981 0.004 0.015 
 202 V C   0.981 0.004 0.015 
 203 K C   0.987 0.004 0.010 
 204 G C   0.994 0.002 0.004 
 205 T C   0.972 0.024 0.003 
 206 E C   0.946 0.050 0.003 
 207 D C   0.915 0.081 0.004 
 208 S C   0.702 0.294 0.004 
 209 G H   0.458 0.532 0.010 
 210 T H   0.309 0.676 0.015 
 211 T H   0.295 0.696 0.009 
 212 V H   0.295 0.701 0.004 
 213 L H   0.044 0.955 0.001 
 214 L H   0.013 0.987 0.000 
 215 P H   0.012 0.987 0.000 
 216 L H   0.006 0.994 0.000 
 217 V H   0.006 0.994 0.000 
 218 I H   0.009 0.991 0.000 
 219 F H   0.019 0.981 0.000 
 220 F H   0.023 0.977 0.000 
 221 G H   0.018 0.982 0.000 
 222 L H   0.011 0.989 0.000 
 223 C H   0.007 0.993 0.000 
 224 L H   0.006 0.994 0.000 
 225 L H   0.005 0.995 0.000 
 226 S H   0.006 0.994 0.000 
 227 L H   0.005 0.995 0.000 
 228 L H   0.004 0.996 0.000 
 229 F H   0.005 0.995 0.000 
 230 I H   0.005 0.994 0.000 
 231 G H   0.008 0.991 0.000 
 232 L H   0.010 0.990 0.000 
 233 M H   0.013 0.986 0.001 
 234 Y H   0.034 0.964 0.001 
 235 R H   0.071 0.927 0.002 
 236 Y H   0.184 0.813 0.003 
 237 Q H   0.338 0.659 0.003 
 238 R H   0.400 0.595 0.005 
 239 W H   0.448 0.543 0.009 
 240 K H   0.456 0.532 0.012 
 241 S H   0.464 0.520 0.016 
 242 K H   0.444 0.509 0.047 
 243 L H   0.280 0.554 0.166 
 244 Y H   0.234 0.547 0.219 
 245 S H   0.281 0.508 0.211 
 246 I H   0.305 0.490 0.206 
 247 V H   0.415 0.420 0.165 
 248 C C   0.707 0.223 0.070 
 249 G C   0.976 0.016 0.008 
 250 K C   0.982 0.009 0.009 
 251 S C   0.987 0.005 0.009 
 252 T C   0.994 0.003 0.004 
 253 P C   0.996 0.002 0.002 
 254 E C   0.997 0.002 0.001 
 255 K C   0.994 0.003 0.003 
 256 E C   0.995 0.002 0.002 
 257 G C   0.995 0.002 0.002 
 258 E C   0.995 0.002 0.003 
 259 L C   0.996 0.002 0.002 
 260 E C   0.997 0.002 0.002 
 261 G C   0.995 0.002 0.003 
 262 T C   0.991 0.002 0.007 
 263 T C   0.970 0.004 0.026 
 264 T C   0.973 0.003 0.024 
 265 K C   0.986 0.002 0.012 
 266 P C   0.990 0.002 0.008 
 267 L C   0.993 0.002 0.005 
 268 A C   0.996 0.002 0.003 
 269 P C   0.995 0.002 0.003 
 270 N C   0.996 0.002 0.002 
 271 P C   0.994 0.004 0.002 
 272 S C   0.993 0.005 0.002 
 273 F C   0.988 0.006 0.006 
 274 S C   0.994 0.002 0.004 
 275 P C   0.994 0.002 0.004 
 276 T C   0.996 0.001 0.002 
 277 P C   0.994 0.004 0.002 
 278 G C   0.993 0.004 0.003 
 279 F C   0.994 0.003 0.003 
 280 T C   0.996 0.002 0.003 
 281 P C   0.995 0.002 0.003 
 282 T C   0.995 0.003 0.002 
 283 L C   0.991 0.008 0.002 
 284 G C   0.994 0.005 0.001 
 285 F C   0.995 0.003 0.002 
 286 S C   0.994 0.002 0.003 
 287 P C   0.994 0.002 0.005 
 288 V C   0.991 0.002 0.007 
 289 P C   0.990 0.003 0.007 
 290 S C   0.991 0.005 0.004 
 291 S C   0.986 0.010 0.004 
 292 T C   0.982 0.012 0.007 
 293 F C   0.979 0.010 0.012 
 294 T C   0.984 0.007 0.009 
 295 S C   0.977 0.014 0.009 
 296 S C   0.981 0.013 0.006 
 297 S C   0.983 0.012 0.006 
 298 T C   0.968 0.014 0.018 
 299 Y C   0.969 0.007 0.024 
 300 T C   0.988 0.003 0.009 
 301 P C   0.982 0.016 0.002 
 302 G C   0.990 0.009 0.001 
 303 D C   0.990 0.008 0.002 
 304 C C   0.991 0.007 0.002 
 305 P C   0.975 0.023 0.002 
 306 N C   0.973 0.024 0.003 
 307 F C   0.970 0.025 0.005 
 308 A C   0.983 0.010 0.008 
 309 A C   0.988 0.003 0.008 
 310 P C   0.982 0.003 0.015 
 311 R C   0.927 0.010 0.063 
 312 R C   0.737 0.014 0.250 
 313 E E   0.490 0.017 0.493 
 314 V C   0.526 0.014 0.460 
 315 A C   0.957 0.001 0.042 
 316 P C   0.995 0.001 0.004 
 317 P C   0.996 0.003 0.001 
 318 Y C   0.992 0.006 0.002 
 319 Q C   0.987 0.010 0.003 
 320 G C   0.993 0.005 0.002 
 321 A C   0.993 0.004 0.003 
 322 D C   0.989 0.009 0.002 
 323 P C   0.921 0.076 0.003 
 324 I C   0.876 0.120 0.004 
 325 L C   0.842 0.150 0.008 
 326 A C   0.876 0.118 0.006 
 327 T C   0.912 0.080 0.008 
 328 A C   0.940 0.049 0.011 
 329 L C   0.958 0.034 0.008 
 330 A C   0.978 0.019 0.004 
 331 S C   0.990 0.008 0.002 
 332 D C   0.995 0.003 0.002 
 333 P C   0.995 0.002 0.003 
 334 I C   0.995 0.002 0.003 
 335 P C   0.995 0.002 0.003 
 336 N C   0.995 0.004 0.001 
 337 P C   0.983 0.015 0.002 
 338 L C   0.982 0.016 0.002 
 339 Q C   0.979 0.017 0.004 
 340 K C   0.981 0.015 0.004 
 341 W C   0.982 0.015 0.003 
 342 E C   0.967 0.030 0.003 
 343 D C   0.963 0.035 0.002 
 344 S C   0.968 0.030 0.002 
 345 A C   0.982 0.016 0.002 
 346 H C   0.990 0.008 0.002 
 347 K C   0.992 0.005 0.003 
 348 P C   0.989 0.007 0.004 
 349 Q C   0.989 0.008 0.003 
 350 S C   0.983 0.012 0.005 
 351 L C   0.983 0.012 0.005 
 352 D C   0.986 0.010 0.004 
 353 T C   0.982 0.017 0.001 
 354 D C   0.985 0.013 0.001 
 355 D C   0.976 0.023 0.001 
 356 P H   0.219 0.781 0.001 
 357 A H   0.139 0.858 0.004 
 358 T H   0.055 0.939 0.005 
 359 L H   0.015 0.978 0.007 
 360 Y H   0.008 0.982 0.010 
 361 A H   0.005 0.986 0.010 
 362 V H   0.006 0.984 0.009 
 363 V H   0.018 0.972 0.010 
 364 E H   0.141 0.854 0.004 
 365 N C   0.700 0.299 0.001 
 366 V C   0.993 0.005 0.002 
 367 P C   0.997 0.002 0.001 
 368 P C   0.793 0.207 0.000 
 369 L C   0.777 0.222 0.000 
 370 R C   0.749 0.251 0.000 
 371 W H   0.059 0.941 0.000 
 372 K H   0.005 0.995 0.000 
 373 E H   0.003 0.997 0.000 
 374 F H   0.002 0.998 0.000 
 375 V H   0.004 0.996 0.000 
 376 R H   0.006 0.994 0.000 
 377 R H   0.036 0.964 0.000 
 378 L C   0.592 0.408 0.000 
 379 G C   0.992 0.008 0.000 
 380 L C   0.997 0.001 0.002 
 381 S C   0.983 0.017 0.001 
 382 D H   0.400 0.599 0.001 
 383 H H   0.339 0.653 0.009 
 384 E H   0.208 0.747 0.045 
 385 I H   0.145 0.778 0.078 
 386 D H   0.163 0.756 0.082 
 387 R H   0.191 0.716 0.092 
 388 L H   0.259 0.619 0.121 
 389 E H   0.281 0.579 0.140 
 390 L H   0.434 0.457 0.109 
 391 Q C   0.559 0.370 0.071 
 392 N C   0.752 0.227 0.020 
 393 G C   0.811 0.181 0.008 
 394 R C   0.725 0.260 0.015 
 395 C C   0.690 0.298 0.012 
 396 L H   0.316 0.681 0.003 
 397 R H   0.064 0.935 0.001 
 398 E H   0.036 0.963 0.001 
 399 A H   0.024 0.976 0.000 
 400 Q H   0.014 0.986 0.000 
 401 Y H   0.006 0.993 0.000 
 402 S H   0.004 0.996 0.000 
 403 M H   0.003 0.997 0.000 
 404 L H   0.002 0.998 0.000 
 405 A H   0.003 0.997 0.000 
 406 T H   0.010 0.990 0.000 
 407 W H   0.019 0.981 0.000 
 408 R H   0.048 0.951 0.001 
 409 R H   0.115 0.884 0.001 
 410 R H   0.231 0.768 0.002 
 411 T C   0.983 0.015 0.002 
 412 P C   0.967 0.032 0.001 
 413 R C   0.908 0.092 0.001 
 414 R C   0.674 0.323 0.003 
 415 E H   0.452 0.543 0.005 
 416 A H   0.420 0.575 0.005 
 417 T H   0.269 0.728 0.003 
 418 L H   0.012 0.988 0.001 
 419 E H   0.010 0.989 0.000 
 420 L H   0.007 0.993 0.000 
 421 L H   0.006 0.994 0.000 
 422 G H   0.007 0.993 0.000 
 423 R H   0.008 0.992 0.000 
 424 V H   0.006 0.994 0.000 
 425 L H   0.009 0.991 0.000 
 426 R H   0.021 0.979 0.000 
 427 D H   0.048 0.952 0.000 
 428 M H   0.196 0.803 0.001 
 429 D H   0.290 0.708 0.003 
 430 L H   0.334 0.659 0.007 
 431 L C   0.872 0.128 0.001 
 432 G C   0.974 0.026 0.000 
 433 C H   0.115 0.885 0.000 
 434 L H   0.011 0.989 0.000 
 435 E H   0.009 0.991 0.000 
 436 D H   0.007 0.993 0.000 
 437 I H   0.008 0.991 0.000 
 438 E H   0.014 0.986 0.001 
 439 E H   0.020 0.979 0.001 
 440 A H   0.043 0.955 0.002 
 441 L H   0.207 0.792 0.001 
 442 C C   0.554 0.446 0.001 
 443 G C   0.985 0.014 0.001 
 444 P C   0.970 0.027 0.002 
 445 A C   0.980 0.017 0.002 
 446 A C   0.982 0.014 0.004 
 447 L C   0.995 0.002 0.004 
 448 P C   0.997 0.000 0.002 
 449 P C   0.996 0.001 0.003 
 450 A C   0.999 0.000 0.001 
 451 P C   0.999 0.001 0.001 
 452 S C   0.997 0.002 0.001 
 453 L C   0.995 0.002 0.003 
 454 L C   0.996 0.001 0.003 
 455 R C   1.000 0.000 0.000 
